0.030000
0.108000
0.071000
0.070000
0.068000
0.095000
0.057000
0.084000
0.064000
0.078000
0.056000
0.061000
0.063000
0.048000
0.055000
0.057000
0.093000
0.082000
0.063000
0.077000
0.078000
0.098000
0.102000
0.063000
0.083000
0.064000
0.053000
0.060000
0.072000
0.068000
0.057000
0.052000
0.078000
0.060000
0.069000
0.098000
0.092000
0.068000
0.056000
0.087000
0.076000
0.093000
0.061000
0.063000
0.021000
0.084000
0.089000
0.063000
0.061000
0.087000
0.063000
0.092000
0.091000
0.087000
0.066000
0.096000
0.064000
0.091000
0.069000
0.062000
0.071000
0.097000
0.091000
0.084000
0.056000
0.056000
0.091000
0.059000
0.094000
0.058000
0.087000
0.063000
0.093000
0.066000
0.085000
0.058000
0.087000
0.065000
0.056000
0.087000
0.063000
0.089000
0.092000
0.060000
0.066000
0.086000
0.058000
0.079000
0.020000
0.088000
0.097000
0.065000
0.059000
0.060000
0.090000
0.073000
0.061000
0.067000
0.060000
0.088000
0.066000
0.093000
0.064000
0.065000
0.094000
0.070000
0.066000
0.060000
0.087000
0.089000
0.080000
0.091000
0.061000
0.087000
0.060000
0.095000
0.088000
0.058000
0.057000
0.070000
0.092000
0.092000
0.093000
0.070000
0.070000
0.070000
0.083000
0.052000
0.079000
0.068000
0.097000
0.089000
0.025000
0.070000
0.104000
0.063000
0.086000
0.052000
0.056000
0.052000
0.092000
0.072000
0.096000
0.069000
0.105000
0.072000
0.100000
0.069000
0.092000
0.066000
0.093000
0.064000
0.080000
0.061000
0.069000
0.064000
0.059000
0.065000
0.064000
0.095000
0.092000
0.101000
0.099000
0.062000
0.086000
0.071000
0.060000
0.059000
0.083000
0.064000
0.098000
0.059000
0.092000
0.067000
0.096000
0.056000
0.029000
0.072000
0.092000
0.074000
0.068000
0.070000
0.096000
0.064000
0.072000
0.075000
0.050000
0.077000
0.047000
0.045000
0.059000
0.066000
0.056000
0.052000
0.074000
0.050000
0.073000
0.046000
0.053000
0.074000
0.046000
0.076000
0.055000
0.081000
0.048000
0.080000
0.047000
0.047000
0.054000
0.066000
0.085000
0.048000
0.052000
0.055000
0.079000
0.050000
0.080000
0.055000
0.094000
0.056000
0.054000
0.054000
0.070000
0.103000
0.074000
0.096000
0.062000
0.094000
0.089000
0.088000
0.095000
0.061000
0.086000
0.067000
0.098000
0.051000
0.071000
0.077000
0.073000
0.087000
0.070000
0.060000
0.094000
0.064000
0.061000
0.063000
0.088000
0.059000
0.068000
0.095000
0.061000
0.090000
0.089000
0.067000
0.089000
0.088000
0.091000
0.085000
0.092000
0.091000
0.069000
0.093000
0.059000
0.071000
0.023000
0.056000
0.066000
0.055000
0.045000
0.075000
0.080000
0.070000
0.052000
0.075000
0.076000
0.044000
0.045000
0.076000
0.052000
0.049000
0.075000
0.048000
0.057000
0.050000
0.079000
0.047000
0.051000
0.073000
0.046000
0.078000
0.049000
0.072000
0.045000
0.087000
0.107000
0.070000
0.070000
0.075000
0.097000
0.094000
0.095000
0.088000
0.096000
0.085000
0.051000
0.049000
0.061000
0.047000
0.027000
0.067000
0.089000
0.101000
0.058000
0.092000
0.060000
0.091000
0.093000
0.088000
0.093000
0.062000
0.097000
0.071000
0.097000
0.065000
0.063000
0.087000
0.072000
0.096000
0.062000
0.065000
0.108000
0.060000
0.066000
0.091000
0.062000
0.070000
0.064000
0.096000
0.060000
0.086000
0.063000
0.072000
0.092000
0.098000
0.064000
0.093000
0.093000
0.084000
0.075000
0.096000
0.063000
0.045000
0.019000
0.098000
0.057000
0.056000
0.063000
0.099000
0.095000
0.102000
0.071000
0.070000
0.068000
0.093000
0.067000
0.097000
0.074000
0.116000
0.067000
0.065000
0.064000
0.087000
0.080000
0.057000
0.058000
0.071000
0.080000
0.068000
0.091000
0.070000
0.095000
0.095000
0.070000
0.101000
0.070000
0.096000
0.051000
0.078000
0.081000
0.086000
0.098000
0.061000
0.066000
0.065000
0.071000
0.064000
0.052000
0.068000
0.063000
0.095000
0.103000
0.071000
0.069000
0.076000
0.097000
0.069000
0.099000
0.071000
0.070000
0.070000
0.103000
0.089000
0.100000
0.068000
0.076000
0.058000
0.086000
0.104000
0.081000
0.071000
0.063000
0.074000
0.098000
0.069000
0.100000
0.100000
0.068000
0.096000
0.069000
0.103000
0.068000
0.092000
0.071000
0.072000
0.097000
0.067000
0.099000
0.055000
0.085000
0.063000
0.018000
0.088000
0.071000
0.103000
0.063000
0.090000
0.061000
0.060000
0.081000
0.053000
0.055000
0.051000
0.081000
0.055000
0.105000
0.072000
0.117000
0.070000
0.076000
0.095000
0.088000
0.070000
0.100000
0.059000
0.071000
0.096000
0.065000
0.057000
0.070000
0.101000
0.068000
0.099000
0.068000
0.101000
0.089000
0.090000
0.097000
0.093000
0.090000
0.095000
0.056000
0.078000
0.051000
0.050000
0.024000
0.069000
0.099000
0.092000
0.050000
0.083000
0.071000
0.096000
0.088000
0.095000
0.086000
0.071000
0.092000
0.057000
0.061000
0.072000
0.055000
0.088000
0.105000
0.080000
0.073000
0.103000
0.094000
0.050000
0.057000
0.075000
0.097000
0.089000
0.059000
0.076000
0.094000
0.059000
0.071000
0.099000
0.066000
0.068000
0.097000
0.065000
0.093000
0.067000
0.101000
0.092000
0.057000
0.072000
0.028000
0.069000
0.053000
0.089000
0.071000
0.096000
0.064000
0.093000
0.104000
0.071000
0.097000
0.068000
0.087000
0.071000
0.074000
0.099000
0.069000
0.098000
0.071000
0.094000
0.069000
0.099000
0.072000
0.067000
0.096000
0.069000
0.098000
0.067000
0.097000
0.093000
0.100000
0.069000
0.098000
0.070000
0.068000
0.099000
0.072000
0.097000
0.069000
0.095000
0.063000
0.048000
0.078000
0.044000
0.020000
0.064000
0.072000
0.109000
0.089000
0.051000
0.060000
0.060000
0.066000
0.048000
0.089000
0.101000
0.065000
0.089000
0.078000
0.064000
0.050000
0.068000
0.050000
0.086000
0.050000
0.071000
0.102000
0.075000
0.070000
0.057000
0.073000
0.100000
0.072000
0.101000
0.068000
0.096000
0.067000
0.100000
0.088000
0.073000
0.097000
0.066000
0.093000
0.064000
0.092000
0.071000
0.102000
0.052000
0.024000
0.061000
0.101000
0.094000
0.089000
0.079000
0.060000
0.110000
0.100000
0.096000
0.061000
0.088000
0.058000
0.090000
0.075000
0.057000
0.078000
0.094000
0.089000
0.056000
0.065000
0.072000
0.101000
0.093000
0.097000
0.059000
0.089000
0.098000
0.090000
0.097000
0.069000
0.101000
0.083000
0.072000
0.063000
0.092000
0.096000
0.062000
0.063000
0.091000
0.098000
0.069000
0.095000
0.059000
0.020000
0.073000
0.069000
0.068000
0.065000
0.068000
0.095000
0.072000
0.067000
0.066000
0.096000
0.083000
0.098000
0.097000
0.077000
0.069000
0.068000
0.068000
0.069000
0.066000
0.097000
0.069000
0.076000
0.100000
0.095000
0.067000
0.069000
0.069000
0.060000
0.067000
0.103000
0.061000
0.096000
0.072000
0.075000
0.108000
0.076000
0.129000
0.072000
0.068000
0.102000
0.068000
0.082000
0.055000